120.188187
131.393511
27.752854
1.044777
8.496368
39.76751
15.869252
13.737068
139.503186
93.957478
36.873166
16.602446
49.041223
10.438871
17.070571
31.535615
147.981013
30.133692
19.011537
14.285706
161.574678
8.665443
25.187912
64.265528
49.980099
20.471996
6.461504
7.604083
13.916354
4.538806
10.080617
45.837195
11.869783
36.417419
29.093806
13.602682
0.642437
7.266597
59.070917
10.651004
40.621218
18.407394
13.973065
4.185266
13.773467
35.448135
39.514933
100.043699
54.913785
27.275206
5.408647
16.86121
31.284873
4.303556
15.051718
38.751109
8.950188
36.12005
4.940384
7.996573
22.06941
57.811699
6.312038
27.481521
7.675681
5.180304
24.499359
24.530456
6.520438
9.462988
34.070602
7.576727
6.732608
30.515524
38.770755
114.701735
33.812682
27.867673
19.739831
80.992197
11.381875
6.693731
18.500128
27.776688
25.898641
8.765785
2.385354
10.585434
28.607909
5.60498
34.738387
8.876947
11.905014
28.572364
7.796554
15.507789
10.816034
32.707253
16.642744
33.667989
