45.009678
212.70967
104.617317
27.163028
27.257732
24.090014
66.266829
46.21331
78.286017
19.472594
28.02927
3.917041
16.604783
37.445293
78.000654
98.189308
40.127347
110.87155
21.737059
22.630909
37.968
29.509516
55.391191
2.537689
58.993127
33.891132999999996
21.822362
16.735098
8.839574
10.289206
227.207726
5.036764
13.798483000000001
167.814327
35.442655
21.657997
63.352283
20.408737
9.638394
21.231109
29.527787
7.207184
12.745769
61.883103
40.565862
33.70894
37.822502
2.396846
24.581939
29.419599
37.602856
15.585853
87.012003
0.267522
49.158008
11.40901
92.959322
31.448595
26.19027
9.930001
9.51232
50.171655
8.560973
30.41532
31.622457
26.401832
248.012167
60.468018
59.726871
16.237886
124.554338
52.811082
86.933721
57.15193
16.955967
41.469363
15.103713
14.069024
5.2335
22.525751
25.918939
9.440736
26.590459
32.687718
113.47444
9.729742
13.824149
9.485416
6.832625
4.096402
34.942007
11.197298
5.645586
16.723011
14.234116
29.815638
10.803084
78.577129
48.458837
34.10234
