100
100
100
100
100
100
100
100
100
100
100
100
70
100
100
100
100
100
100
100
100
88
100
100
100
100
100
80
100
100
100
100
100
100
100
100
100
100
100
100
100
100
100
100
100
100
100
100
100
100
100
100
100
100
100
100
100
100
100
100
100
100
100
100
100
100
100
100
100
100
100
100
74
100
100
100
100
100
100
100
100
100
100
100
100
100
99
100
100
100
100
100
99
100
79
100
100
100
100
100
100
100
100
100
100
100
100
100
100
100
100
100
100
100
100
99
100
100
100
100
100
100
100
100
100
100
100
100
89
100
100
100
100
100
100
100
100
100
100
99
100
100
100
100
100
100
89
100
100
100
100
100
100
100
100
100
100
100
100
100
100
100
100
100
100
100
100
100
100
100
100
100
100
100
98
100
100
100
100
93
100
100
100
51
100
100
100
100
100
100
99
85
100
100
100
100
100
100
77
100
100
100
100
100
100
100
100
100
100
100
100
100
100
100
94
100
100
100
100
97
100
100
100
89
100
100
100
99
100
100
100
100
100
100
100
100
100
100
100
98
100
100
100
100
73
100
100
100
100
100
82
100
100
100
100
100
100
100
100
81
100
100
100
100
100
100
100
100
100
100
100
100
100
100
100
100
75
100
100
99
100
100
58
97
35
100
100
100
100
100
100
100
100
100
100
100
100
100
100
100
100
100
88
100
100
100
100
100
100
100
100
100
100
100
100
100
100
100
100
100
100
100
100
100
100
100
100
100
100
100
100
100
100
100
100
100
100
100
100
100
94
77
100
100
100
100
100
100
100
100
100
100
100
100
100
100
100
100
100
69
100
100
100
100
100
100
100
100
100
100
100
100
100
100
100
100
100
100
100
100
100
100
100
100
80
100
100
100
100
100
100
100
100
100
100
100
100
100
100
100
100
100
100
100
100
100
100
100
100
100
100
100
100
100
100
100
100
100
100
100
100
100
96
100
100
100
100
100
100
100
100
100
100
100
98
100
100
100
100
100
100
100
100
100
100
100
100
100
100
100
100
100
100
100
100
97
100
100
100
100
100
100
100
100
100
100
100
100
100
88
100
100
100
100
100
100
100
100
100
100
100
100
100
100
100
100
100
100
50
100
100
100
100
100
100
100
100
100
100
100
