100
100
100
100
100
100
100
100
100
100
100
100
100
100
100
100
100
100
100
100
100
100
100
100
97
92
100
100
100
100
100
100
100
100
100
100
100
99
81
100
100
100
100
100
89
100
100
100
100
100
100
100
100
100
100
100
100
100
100
100
100
100
100
75
100
100
100
100
100
100
100
100
100
100
77
100
97
100
94
100
93
100
100
72
100
100
100
100
100
100
100
100
100
100
100
100
100
100
100
100
93
100
100
100
100
100
100
100
100
100
100
100
100
100
83
100
100
100
100
100
100
100
100
100
100
100
100
100
100
100
100
100
100
100
100
99
100
100
100
100
100
95
95
100
100
100
100
67
100
100
100
100
100
100
100
100
100
100
100
100
100
100
100
100
100
100
100
100
100
100
100
100
100
100
100
100
100
100
100
100
100
100
100
100
100
100
100
100
100
100
100
100
100
100
80
100
100
100
100
100
100
100
100
100
100
100
100
100
100
100
100
100
100
100
100
100
100
100
100
100
100
100
100
100
100
78
100
100
100
100
100
100
100
100
100
100
100
100
100
100
100
100
100
100
100
92
100
100
100
100
100
100
100
100
100
100
100
100
100
100
100
100
100
96
100
100
100
100
100
100
100
100
100
81
99
100
100
100
100
100
100
100
100
100
100
100
100
100
100
100
100
100
100
100
100
100
100
97
100
100
100
100
100
100
100
100
100
70
100
100
100
97
100
100
87
100
100
100
100
100
100
100
100
100
100
100
100
100
100
100
100
100
100
100
100
100
100
100
100
100
100
97
100
100
100
100
100
100
100
69
100
100
100
100
100
100
100
100
100
93
100
100
100
100
100
100
100
100
100
100
100
100
100
100
100
100
100
100
100
100
100
100
100
100
100
93
100
100
100
100
100
100
100
100
100
100
100
100
100
100
100
100
100
100
100
100
100
100
100
100
100
100
99
100
100
88
100
100
100
100
100
100
100
100
100
100
100
100
100
100
100
100
100
72
100
100
100
100
100
100
100
100
100
100
100
100
92
100
100
100
100
100
100
100
100
100
100
100
98
100
100
100
100
100
100
100
100
100
100
100
100
100
100
71
100
100
100
76
100
100
100
100
93
100
100
100
100
100
100
100
99
100
78
100
100
100
100
100
100
100
100
100
100
100
100
100
100
100
100
100
74
80
100
100
100
100
100
100
100
100
98
100
100
100
100
100
100
90
100
100
100
100
100
100
100
100
100
100
100
100
100
93
100
100
100
100
100
100
100
100
100
98
100
100
100
91
74
100
100
100
100
100
100
100
100
100
100
100
100
100
75
100
100
100
100
100
100
100
100
100
100
100
100
100
100
100
100
100
100
100
100
100
100
100
100
100
100
71
100
100
100
100
100
100
100
100
100
100
100
100
100
100
100
100
100
100
100
100
100
100
100
100
100
100
100
100
100
100
100
100
100
100
100
100
100
100
100
100
100
100
100
100
100
100
100
100
100
100
100
100
100
100
100
100
100
100
100
100
100
100
100
100
100
100
100
100
100
100
100
100
100
100
99
100
100
100
100
100
100
100
100
71
100
100
100
100
100
100
91
100
100
100
100
100
100
100
100
100
81
100
100
100
100
100
78
100
100
100
100
100
100
100
100
100
100
100
100
100
100
100
100
100
100
100
100
100
100
100
100
100
83
100
96
100
95
100
100
100
100
100
100
100
100
100
100
100
100
100
100
100
100
100
100
100
100
100
100
100
100
100
100
100
100
100
100
100
100
100
100
100
100
100
100
100
100
100
100
100
100
100
100
100
100
100
89
100
100
100
100
100
100
100
100
99
100
100
100
99
100
100
100
100
82
100
100
100
100
86
100
100
100
100
100
100
100
90
100
100
100
100
100
100
100
100
100
100
100
100
100
100
100
100
100
100
100
99
100
100
100
100
100
100
100
100
100
100
100
100
100
100
100
100
100
100
100
100
100
100
100
100
100
100
100
100
100
100
100
100
97
100
100
100
100
100
100
79
100
100
100
100
100
100
100
100
100
100
100
100
100
100
100
100
100
100
100
100
100
100
100
100
100
100
100
100
100
100
100
100
100
100
100
100
100
100
90
100
100
100
100
100
100
100
100
100
100
100
100
100
100
100
92
100
100
100
100
100
100
100
100
100
100
100
96
100
100
100
100
100
100
100
100
100
100
100
100
100
100
100
100
100
100
100
100
100
100
100
100
100
100
76
100
100
100
100
100
100
100
100
100
100
100
93
85
91
100
100
100
100
100
100
100
100
100
100
100
100
94
74
100
100
