27045.454545454544
37363.63636363636
33863.63636363636
33863.63636363636
36400.
37363.63636363636
37363.63636363636
37363.63636363636
37363.63636363636
37363.63636363636
37363.63636363636
37363.63636363636
37363.63636363636
37363.63636363636
37363.63636363636
61909.09090909091
61909.09090909091
37363.63636363636
38500.
38500.
38500.
38500.
38500.
38500.
56000.
97500.
56000.
196000.
196000.
196000.
196000.
196000.
196000.
196000.
196000.
196000.
196000.
196000.
196000.
196000.
196000.
196000.
196000.
196000.
196000.
196000.
196000.
196000.
196000.
196000.
196000.
196000.
196000.
196000.
196000.
196000.
196000.
196000.
196000.
196000.
196000.
196000.
196000.
196000.
196000.
196000.
196000.
196000.
196000.
196000.
196000.
196000.
196000.
196000.
196000.
196000.
196000.
196000.
196000.
196000.
196000.
196000.
196000.
196000.
196000.
196000.
196000.
196000.
196000.
196000.
196000.
196000.
196000.
196000.
196000.
196000.
196000.
196000.
196000.
196000.
