0
0
0
0
0
0
0
0
0
0
0
0
0
0
0
0
0
0
0
0
0
0
0
0
0
0
0
0
0
0
0
1
6
27
46
66
72
57
65
66
62
71
65
71
63
55
66
78
74
70
69
65
71
61
78
67
64
70
61
62
62
69
64
64
64
68
66
49
61
67
72
64
64
54
62
63
66
58
51
55
53
48
47
49
55
60
59
60
53
49
55
64
66
56
62
45
64
58
66
66
65
69
64
74
72
55
66
64
66
71
59
61
62
65
67
59
66
70
54
63
75
67
63
65
70
65
58
58
65
65
74
62
59
54
63
69
60
56
48
62
59
66
58
64
56
61
64
76
74
68