0
0
0
0
0
0
0
0
0
0
0
0
0
0
0
0
0
0
0
0
0
0
0
0
0
0
0
0
0
0
0
0
0
0
0
0
0
0
0
0
0
0
0
0
0
0
0
0
0
0
0
0
0
0
0
0
0
0
1
5
19
41
68
73
77
71
70
73
72
77
71
68
75
63
58
63
68
62
60
75
68
72
75
72
72
68
64
67
67
71
66
67
75
68
83
65
65
63
66
67
61
59
66
60
79
76
68
74
74
69
63
51
55
59
68
64
59
65
53
63
64
65
62
68
61
67
63
54
61
60
60
58
54
63
63
63
61
57
63
61
71
62
65
66
60
58
64
62
64
54