0
0
0
0
0
0
0
0
0
0
0
0
0
1
3
6
21
33
44
46
52
49
49
45
49
52
47
44
50
38
42
43
49
44
48
51
55
46
46
46
49
42
61
47
47
51
47
51
51
46
56
65
55
53
47
49
53
57
52
52
53
51
47
40
37
51
40
35
44
42
45
36
34
28
37
35
35
37
50
47
58
59
55
42
41
57
49
44
53
54
56
44
42
45
57
56
47
48
44
49
55
51
49
53
55
54
60
52
49
59
46
64
53
63
58
56
64
57
64
64
65
54
52
55
42
45
39
47
48
40
49
52
50
54
53
55
57
50
58
55
58
69
57
55
58
64
66
65
59
67