0
0
0
0
0
0
0
0
0
0
0
0
0
0
0
1
1
3
2
4
5
5
6
10
14
21
22
29
26
32
32
43
37
45
51
50
49
52
48
51
52
48
52
51
48
45
45
54
43
34
37
42
47
51
59
55
54
44
50
55
64
62
60
62
59
58
56
64
58
54
59
63
50
52
59
58
58
53
58
64
56
64
64
49
54
52
58
59
45
43
54
55
57
62
54
58
62
62
53
56
53
62
48
50
55
46
57
55
48
56
55
52
49
45
53
47
41
45
49
50
52
43
54
54
57
52
54
56
55
58
56
54
61
62
62
69
70
63
64
64
65
62
60
60
59
55
64
56
52
58