0
0
0
0
0
0
0
0
0
0
0
0
0
0
0
0
0
0
0
0
0
0
0
0
0
0
0
0
0
0
0
0
0
0
0
0
0
1
2
8
20
34
45
51
51
68
68
63
56
58
64
59
59
67
56
53
50
55
60
65
58
65
62
70
73
68
62
59
53
51
59
56
46
53
56
52
56
51
51
51
51
49
61
55
63
57
53
62
61
59
67
70
67
56
64
61
64
69
71
60
62
57
55
62
63
64
63
51
65
60
62
60
63
59
59
70
70
60
59
59
67
62
59
61
61
62
75
61
62
55
60
64
63
54
49
57
53
45
40
43
45
51
47
50
54
67
62
63
61
46