0
0
0
0
0
0
0
0
0
0
0
0
0
2
7
25
35
50
53
46
40
54
47
49
47
48
38
34
30
37
40
37
35
53
49
41
41
37
36
33
34
29
31
28
42
38
45
51
36
39
43
55
58
46
56
61
59
59
53
54
50
40
40
53
55
54
55
48
41
54
50
56
56
57
52
62
52
54
47
40
55
47
49
53
57
60
62
59
67
67
57
50
55
67
61
60
58
65
67
69
73
62
54
57
64
60
58
61
58
61
62
61
74
71
68
77
79
73
65
67
67
63
66
61
68
63
72
72
70
72
73
60
63
64
71
74
60
71
75
56
64
63
62
65
56
59
55
71
64
65