0
0
0
0
0
0
0
0
0
0
0
0
0
0
0
0
0
0
0
0
0
0
0
0
0
0
0
0
0
1
3
12
34
43
45
45
54
51
53
49
50
44
51
49
50
50
49
49
53
56
67
47
58
65
56
60
58
63
62
52
59
64
61
60
63
66
55
57
56
63
61
59
73
70
69
65
63
64
55
57
62
68
86
71
68
72
69
51
58
55
56
52
54
60
61
60
52
55
54
51
51
56
60
59
64
57
50
58
63
72
68
58
64
65
62
69
75
73
68
68
63
63
69
61
60
63
64
60
57
66
72
64
75
70
72
55
57
64
64
69
68
53
55
61
52
58
58
59
62
59