0
0
0
0
0
0
0
0
0
0
0
0
0
0
0
0
0
0
0
0
0
0
0
0
0
0
0
1
8
22
30
33
35
45
36
34
33
31
38
47
42
39
53
46
47
51
61
58
65
55
50
35
45
37
48
45
50
50
48
47
58
62
49
59
60
58
57
59
47
62
62
56
55
47
45
54
46
54
49
51
52
51
62
73
60
60
52
59
65
65
67
67
65
65
59
57
60
64
60
62
63
68
59
48
54
63
50
47
47
49
45
53
50
67
58
53
58
67
62
65
63
68
63
66
57
62
60
64
61
59
57
66
74
71
74
70
64
66
56
53
55
60
69
67
78
72
55
64
76
63