0
0
0
0
0
0
0
0
0
0
0
0
0
0
0
0
1
3
5
10
16
23
33
43
45
42
44
40
41
51
43
43
50
45
54
46
54
40
47
57
45
44
51
47
54
58
53
50
44
47
52
60
53
52
59
61
54
49
58
58
60
58
61
64
68
61
64
52
55
53
63
68
54
63
64
56
57
57
58
60
55
56
54
52
53
59
53
64
57
69
61
63
64
55
55
59
58
58
64
69
58
70
63
64
57
71
58
60
62
68
67
73
62
61
65
63
61
61
63
56
56
62
70
61
65
60
64
70
71
76
65
66
73
64
66
66
66
82
72
69
73
62
68
54
76
80
78
69
73
70