0
0
0
0
0
0
0
0
0
0
0
0
1
9
35
54
43
58
54
61
52
52
64
55
52
58
56
55
51
50
55
55
60
57
64
65
60
59
59
68
65
67
65
58
62
56
63
64
63
57
60
64
60
53
62
64
65
65
65
69
66
58
60
62
70
74
72
64
56
61
63
58
55
63
58
60
68
70
64
65
59
63
55
63
61
65
64
53
54
71
69
62
67
69
61
59
60
67
72
67
67
62
59
67
65
60
59
62
56
51
59
69
63
58
62
64
59
65
65
56
68
66
70
74
70
59
68
67
67
71
63
66
73
76
71
77
72
70
71
75
66
70
81
66
71
64
77
74
73
71