0
0
0
0
0
0
0
0
0
0
0
0
1
6
17
37
55
52
56
64
55
56
54
49
53
51
50
59
61
62
66
61
65
61
54
56
47
47
56
60
64
65
66
52
51
45
48
46
47
57
50
51
56
54
59
52
57
49
48
52
56
58
71
50
55
58
52
52
68
63
71
63
61
64
63
72
57
58
64
64
64
69
69
58
59
57
55
54
57
58
74
71
70
67
60
53
56
50
54
56
50
64
54
66
62
62
67
76
72
58
61
66
67
68
72
62
70
69
61
64
59
62
70
64
76
72
78
73
63
66
72
65
59
64
63
67
68
62
61
67
67
70
70
71
63
74
79
73
73
71