0
0
0
0
0
0
0
0
0
0
0
0
1
1
1
7
8
8
18
23
28
36
47
50
52
50
52
45
55
46
44
60
51
52
55
57
60
61
62
55
53
54
63
55
46
53
53
57
54
53
60
54
58
63
61
72
60
62
65
59
62
53
60
65
62
65
68
60
67
53
55
53
55
51
50
51
61
58
67
62
70
66
46
47
50
48
51
55
60
53
56
66
61
48
52
53
57
56
52
60
65
58
59
67
60
65
62
60
54
64
56
56
62
55
61
56
67
65
66
68
67
59
48
53
50
54
64
65
63
65
65
69
61
70
71
63
64
62
64
62
64
66
66
56
50
49
51
53
44
60