0
0
0
0
0
0
0
0
0
0
0
0
1
5
11
23
26
32
43
38
41
48
41
45
48
54
55
45
48
37
44
43
50
53
57
58
60
58
55
60
60
46
53
61
61
62
61
66
62
56
64
57
73
60
75
50
60
45
52
58
57
65
62
75
64
66
72
70
70
56
51
50
51
66
60
55
50
36
44
51
42
43
43
47
50
56
49
51
54
51
53
53
53
54
55
62
62
66
70
72
69
67
69
56
62
67
67
69
56
66
62
61
55
63
63
63
54
71
73
66
61
76
75
67
65
63
58
63
58
53
61
59
59
69
67
62
62
71
61
63
60
57
66
68
62
67
62
60
65
61