0
0
0
0
0
0
0
0
0
0
0
0
0
0
0
1
2
6
11
11
12
22
24
19
23
30
35
31
26
20
22
20
26
28
35
43
38
32
32
40
48
55
43
42
39
47
56
46
45
49
40
45
44
42
51
48
49
49
50
65
54
69
58
57
58
56
57
60
67
70
65
70
68
62
71
63
52
60
64
66
56
62
65
55
59
61
66
67
70
76
73
77
70
72
67
53
54
61
61
67
60
66
59
71
71
63
65
66
62
71
75
74
71
64
60
68
61
64
59
68
60
56
63
74
66
65
64
62
65
71
77
68
74
74
68
65
72
73
75
76
64
63
64
65
52
61
70
74
76
75