0
0
0
0
0
0
0
0
0
0
0
0
0
2
4
13
35
50
61
58
53
56
47
50
38
48
50
51
44
50
54
60
56
55
53
55
60
68
64
65
63
60
58
67
64
61
76
71
63
68
65
64
60
71
69
63
78
69
71
61
59
69
67
63
65
68
70
64
78
73
67
65
74
60
64
75
70
62
56
54
63
71
68
74
71
71
61
69
72
70
79
77
62
78
77
80
71
63
63
70
77
69
70
70
61
66
68
69
62
73
70
67
68
63
62
61
72
65
59
62
58
71
71
58
72
72
71
74
64
69
66
70
55
62
68
61
65
70
64
66
61
55
63
70
65
62
66
68
68
59