0
0
0
0
0
0
0
1
3
13
33
56
60
51
49
54
47
58
54
62
60
59
56
56
46
55
54
46
59
57
60
69
59
61
55
64
55
58
60
57
55
61
57
63
57
56
55
55
67
61
63
58
59
66
55
64
61
63
54
57
54
55
53
52
54
52
57
57
61
62
65
69
61
65
56
51
61
58
61
61
65
66
67
54
62
58
60
61
64
56
55
67
60
57
59
55
60
59
66
59
55
66
67
53
67
57
62
73
64
71
70
54
68
55
58
63
59
70
68
69
78
64
61
64
66
64
64
63
64
68
60
56
64
67
67
66
74
73
66
71
60
65
70
71
69
60
56
57
64
68