7.924112
5.6585339999999995
16.911081
15.848483
28.608125
22.703295
8.799547
4.662215
11.041666
11.391818
2.6695729999999998
9.645071
3.66371
5.148165
26.308072
15.127366
3.161324
1.04789
5.939038
25.900682
4.987328
5.235309
15.016783
9.343172
11.825958
5.146732
8.75529
12.201066
3.330065
13.088983
20.033409
25.583411
19.726729
10.234171
31.965481
19.078347
3.361335
3.44717
18.975084
16.591597
3.203836
11.703127
11.227644
10.302021
9.342012
16.609013
4.327986
8.673041
7.470763
18.024984
10.999833
34.270864
11.985373
4.602519
0.905891
37.152727
7.042398
4.54642
3.819815
12.504199
21.64583
1.090261
10.354904
43.840126
11.50234
4.4711870000000005
8.916632
14.469767
11.547782
21.288953
24.917319
26.603196
1.016893
2.427313
3.231524
11.68122
7.883965
4.443041
14.970418
20.282788
35.393632
18.728216
26.949991
3.248702
19.687974
0.599483
3.362143
12.077164
28.319967
4.480039
5.000597
8.65296
9.954916
21.635484
8.728269000000001
17.696981
0.592294
10.766583
24.208883
4.538918
