5.472643
49.682035
100.883591
18.61878
5.470832
16.313992
52.514174
10.192381
15.087371
15.74542
10.906448
17.842905000000002
15.373101
88.551203
12.560402
21.262569
26.623295
25.974661
20.482142
59.515776
15.064311
36.074767
51.365505
4.089589
28.265695
4.699213
14.226637
12.639641
2.830563
1.320183
22.611229
16.490802
28.48357
23.959137
5.996827
51.138726
37.817408
12.881796
20.461413
20.993028
32.845698
60.152355
16.63769
19.684395
29.758913
17.371731
42.68639
60.670706
27.443754
16.99953
17.936794
34.926734
20.50318
37.667965
142.116547
18.200008
45.729419
25.985766
34.553546
5.500423
12.609092
26.081529
14.497145
5.282923
226.804822
49.476257
54.315531
6.928853
23.992294
92.0284
18.379285
32.68849
13.891272
14.684817
105.905636
8.077042
7.87118
24.341957
56.872169
0.632319
29.908736
8.061443
30.032312
20.207713
14.851327
18.279778
13.592752
14.121114
23.752664
9.405732
30.945755
120.201505
22.112083
21.170789
2.388569
73.777866
12.649044
8.150627
16.517677
4.977305
