253.8537326
57.6928499
79.5222962
15.3521881
86.6514018
37.8318696
269.2118314
71.8745762
5.2367233
206.0164764
7.4369834
209.3359672
50.5120068
24.2326493
41.5126556
84.5138831
84.6814381
52.1056433
30.4196839
24.4045202
185.5804609
16.5925613
440.5441931
100.2740717
887.6156933
149.4268145
129.4282339
31.3727529
31.669606
236.1191686
307.9467064
93.7433029
123.1943071
56.6820222
136.2714874
17.2956354
52.6368713
43.9499612
36.3255238
144.2552871
109.8671469
6.593282
137.4064478
73.3072663
13.858366
85.4938774
499.4288596
44.5593069
12.2959944
16.8581678
58.0583281
24.2795114
25.3419507
172.4876582
39.215945
169.7250152
83.8882357
9.6868101
104.392732
21.2126558
14.1234843
589.1015742
101.1646281
35.3724845
148.2967012
41.8095246
30.5134434
8.2025378
184.0649452
65.917153
812.2983914
41.2423521
148.4268731
131.0843436
45.8717154
87.853098
84.0408551
178.639765
76.0726796
36.8411294
54.6054787
119.6320736
14.9989089
61.2143652
65.0734804
27.4667832
26.9199635
284.0066457
36.653642
11.79603
15.1239214
26.9043271
227.9680458
20.4770952
198.4232871
44.6218215
72.8854036
106.4767522
19.4829798
6.7339064
60.0113436
151.8628435
7.8431878
89.0561255
134.2239127
44.5610604
27.623023
60.9290252
92.8999429
58.3051434
894.4524849
28.6854493
10.889846
30.9977962
343.5338039
127.0846648
62.1674231
88.8217794
67.479559
277.3520912
20.3891827
22.6858925
374.5825644
316.3479208
47.4965808
251.8413348
40.0127767
276.335133
256.6066247
863.0091931
105.586204
161.3634464
266.6800169
119.0383479
568.5176415
92.1808968
56.7928251
163.2695734
38.028544
183.6868639
315.7742726
39.7627646
96.1025042
271.0072132
258.1690242
113.2860603
102.0083186
75.4633615
25.2950622
170.675257
66.0265376
892.162389
62.7767525
156.0044475
43.2937894
81.2441781
59.1988843
451.1988284
54.7929543
136.1877358
126.4596913
342.8035697
25.2013177
168.2195017
70.9011706
177.3622999
118.2571538
75.8226934
116.6747943
48.9027621
47.1841037
33.2476351
52.3399998
55.6053963
173.9250251
31.091541
224.323004
30.1541072
65.0109676
102.5551711
32.2320846
131.7561692
16.1550931
58.4801867
4.7184288
235.9962749
116.1479479
65.7609193
27.6073971
69.0575371
272.5395263
16.6238287
44.1530861
309.0091206
31.7633537
176.7362882
49.9747099
61.9799337
24.560723
12.9209599
