44
51
48
18
34
22
35
50
22
22
28
16
82
41
53
112
18
26
15
20
51
28
16
58
21
25
30
37
33
24
21
26
38
112
18
10
74
15
45
38
37
62
25
40
62
13
17
46
26
35
13
39
11
57
19
29
33
108
66
46
97
62
144
57
30
22
87
38
96
28
64
143
45
16
30
99
72
52
28
55
28
124
36
61
112
35
18
32
28
69
31
9
88
45
34
58
26
127
75
17
21
28
23
27
23
29
59
12
27
57
90
31
50
41
57
25
40
12
15
54
12
38
72
49
49
24
25
39
19
66
26
51
36
41
30
21
35
145
18
34
25
141
56
12
31
72
34
26
11
20
10
51
39
52
31
32
32
34
49
16
43
23
85
101
12
99
19
23
27
65
31
75
24
26
12
65
14
22
19
55
36
55
50
31
71
34
56
28
34
110
21
33
63
52
40
77
31
38
8
106
44
140
39
67
22
57
55
7
128
89
45
122
48
17
33
21
43
52
33
13
31
86
74
113
39
24
44
34
65
23
55
29
50
44
69
41
59
62
15
12
30
49
56
84
13
32
74
25
43
24
64
36
4
22
44
24
45
58
37
51
32
35
16
42
24
39
50
42
41
85
43
21
29
57
98
28
52
20
93
82
40
42
56
8
22
47
56
33
24
30
68
28
26
26
65
45
108
39
43
65
24
90
17
67
74
125
35
27
44
38
9
84
13
18
30
62
85
47
29
17
129
59
30
53
34
79
15
33
17
59
72
46
65
27
24
44
51
42
24
31
58
87
31
39
54
106
18
44
37
70
27
69
42
30
28
40
38
17
28
74
66
22
75
36
31
22
25
36
15
49
21
53
81
11
34
30
50
105
27
11
15
43
35
16
20
35
116
37
36
53
51
53
54
135
50
49
29
42
50
117
58
32
72
43
34
29
63
28
28
79
43
10
44
64
52
16
10
58
100
125
49
79
54
79
54
95
31
64
68
79
18
39
20
64
14
100
8
14
30
55
31
12
19
58
48
27
38
9
36
92
7
29
63
35
90
49
108
33
29
75
43
36
33
77
107
18
54
21
94
60
28
142
70
57
40
91
67
39
34
10
24
16
34
24
53
79
26
111
101
29
37
76
62
49
42
