55.4779255
33.2228266
58.0114884
21.2489128
12.4395011
11.9210256
22.0452957
29.325003
7.0776225
21.2172302
16.0144776
9.2962219
57.6364848
36.9348711
74.5489838
95.4931776
7.3588468
26.9980698
22.0453
18.5142988
23.0920995
11.1710582
11.2492073
55.0970493
10.7179859
7.7650528
14.2802428
26.3730993
28.6229658
7.3588516
9.0930998
14.4520736
26.82622
149.8998153
6.5620336
2.4217015
80.8067116
11.608544
38.8565949
17.123776
22.1546796
64.5266141
18.9986566
25.0919701
54.2148534
7.8900706
7.9525565
52.9181008
10.2805177
31.0915229
6.9511356
24.0718266
6.499551
52.5274826
7.2807324
10.1711509
19.1049575
114.8266951
86.1344593
44.1218433
89.4779826
79.9786644
114.2447634
30.6304997
27.8105262
10.7336111
50.5306855
53.8867645
90.3969912
12.8897186
63.2568305
198.3731732
32.9792481
11.4679125
14.1240053
70.7918082
96.4217982
27.0449552
35.9505511
49.5745742
13.2490551
105.1799705
40.9970678
38.2472605
118.2102825
24.6701118
146.9849337
8.5150331
19.8735764
25.8731345
50.4963997
20.3579263
3.7184879
61.2924891
29.3728909
18.1237015
46.7310426
16.6081883
91.0872253
82.5722283
8.9368637
13.0459239
27.2466443
11.6241847
38.2785129
12.1241488
14.4364837
47.6372075
183.0962651
11.249207
15.4988946
132.6936057
39.3878028
54.1836368
29.2267318
30.3415766
32.341431
44.0124589
14.5146031
22.5140125
3.093529
10.0617768
48.7933794
5.4996107
34.544403
60.4488123
25.7169254
39.4659374
19.295497
11.9210384
26.9824463
6.4682915
32.8882688
9.5930666
49.9339393
15.5301551
18.9986573
14.3583509
6.9838558
55.3512934
118.366536
5.5308538
16.2956889
17.2956544
117.022868
42.2938625
7.702592
18.4986927
50.5432421
25.2638357
17.4987507
6.3432956
12.6240797
5.0934013
70.9167954
12.4834808
33.5722951
27.9122842
24.9447605
16.3716546
41.7283084
46.6409028
7.6088457
19.389236
9.1399752
70.0358156
81.7491087
4.2340726
72.041731
8.2494131
14.2177313
18.2643004
40.4346195
24.2170168
49.0052953
9.0562051
19.4048591
4.6715266
34.9506395
9.6555538
11.7804237
27.7011277
34.028829
18.5611863
47.5903447
62.9017442
23.7326754
37.544169
17.7799919
45.4342631
13.7177712
17.8112248
68.6513478
21.8734505
27.6386462
94.6130295
28.0292289
40.29399
67.1514447
28.6385774
21.1859819
4.2809256
147.7238098
26.1231447
135.4277976
65.086271
48.8558802
6.3276763
39.8408964
29.091666
2.8435612
160.8634598
109.4765336
32.903911
71.7292528
43.5593841
118.4086821
5.062155
33.5600788
8.9993739
29.0604224
30.5290634
27.9511401
6.0620691
50.4651359
100.2584566
54.9648305
79.4318106
41.5438848
11.7179286
18.0299586
16.4206983
56.6328794
7.5150919
39.7159211
14.2802268
27.0137077
32.0758141
43.5437546
31.9196047
36.3099159
38.356638
7.5932098
7.0307463
18.6236838
58.4177075
33.606968
66.7296124
5.0621538
26.2637453
85.192778
10.967982
37.8879098
12.1710203
88.1186836
21.7796894
1.6092756
7.827564
19.3111171
16.4675689
28.4354675
50.5119904
24.2014048
33.825717
20.2329079
60.7925219
5.4995932
23.4827092
18.3893111
19.6235939
37.294203
17.842476
48.1313807
60.2769487
15.8738638
6.4995321
10.9211087
34.6537508
153.0671761
17.0300171
17.9831033
10.2648935
68.6982081
85.6188711
31.841466
26.5449897
69.3531132
9.2649794
8.3431361
51.3713351
31.7789777
16.4050922
10.4523931
19.232999
52.3712516
16.8425573
15.670757
16.3845881
46.9833277
25.2638306
82.5993488
32.4507997
22.2912955
55.7995943
16.1238327
60.7195867
6.827653
57.5115057
47.3091147
93.4308248
12.9990865
16.8425436
34.8100237
25.7012838
6.8901306
102.3988975
5.5621187
5.9995708
16.3738325
41.4032833
99.4417455
28.9354315
23.1546079
4.6246686
115.8041925
35.3412366
15.9519835
25.3419396
22.0765446
45.1061596
11.092943
11.3273302
5.4996087
38.106646
98.2273375
22.8421229
31.1852702
36.4505292
16.2019653
45.2426986
33.4038569
30.6540533
14.8270739
15.030178
48.0278094
178.8622064
14.1708637
19.0142511
94.1182761
69.2137959
12.0928874
35.1935186
12.3781427
37.153593
16.9362913
12.9834578
18.2018357
8.9055944
13.0772059
39.4190532
15.108288
9.8118097
14.2802282
50.7463813
49.0902385
16.3894559
47.4341016
34.0756876
22.5765071
15.4051513
6.0620704
29.4510154
10.09303
10.7960979
9.4368289
23.4045724
68.1044967
5.5870807
21.31282
17.6081175
24.5607455
54.1523536
25.7012837
5.0465314
6.7494989
28.0917554
41.1220718
8.0775468
8.999355
49.2620955
83.9158647
56.9021916
26.8105952
39.6533961
69.7137714
16.1707335
80.9116143
418.8918876
27.1230716
78.931846
13.5280514
38.8253441
20.8110093
80.3848508
37.4816952
15.4676435
46.4498157
19.3892397
31.2946158
22.6233976
55.8241435
11.7491598
10.7961188
57.730227
26.2950091
6.4214319
22.7014992
76.2914146
39.7110172
4.2340856
4.0153364
42.9344425
69.5418886
415.1421393
45.2740139
61.1987592
29.4510328
73.3697321
37.8410564
90.8372469
13.9364887
40.747097
35.7474543
46.6373012
11.3429234
46.1685832
28.6073137
31.9820842
7.4213607
92.3955119
3.0154137
9.2180884
19.6860909
32.3102022
23.6545567
4.9840343
9.0306029
32.1539639
24.5763638
25.5763094
13.5615145
3.2654096
27.4823881
96.3056026
3.7809771
28.4354646
45.1999049
45.4967454
130.7375324
75.3071184
26.0918983
70.6355827
20.2798003
14.4052188
55.199188
26.7480838
33.5444892
21.3109766
111.2107844
78.8849788
10.2961554
38.1332927
30.4040713
78.728722
33.153888
28.0448661
130.256295
113.007518
42.2938475
21.1859951
96.9617872
71.7265289
22.4202847
14.9051819
4.2496958
13.108436
7.1088831
26.6543408
13.6240397
31.9820844
33.9663167
21.8265789
75.572711
88.5717981
11.9210381
17.0456585
124.4910632
46.6165181
76.3851403
25.9669073
