16
9
14
29
22
16
12
23
25
18
8
23
23
16
12
19
14
17
20
19
20
23
29
13
29
25
28
27
13
22
19
15
13
28
17
27
12
20
4
18
23
28
13
49
7
24
21
22
32
28
20
24
19
13
37
20
10
16
12
12
13
13
16
9
25
25
11
26
16
25
18
12
11
24
13
14
20
22
26
11
10
15
16
19
20
25
2
17
14
39
19
5
31
5
16
23
16
11
12
28
19
19
20
41
24
14
16
13
17
33
12
30
21
31
24
10
20
14
39
23
27
15
17
10
13
32
11
36
17
3
29
19
30
7
18
22
19
15
25
13
18
21
15
12
29
16
20
22
30
8
29
18
11
13
14
19
20
23
13
27
13
13
24
18
15
14
17
21
25
16
26
22
23
23
21
10
13
14
12
9
24
15
9
16
15
23
20
21
17
12
4
24
29
14
24
22
22
16
14
17
12
15
16
26
19
14
33
23
34
21
21
39
25
10
25
52
31
11
23
15
18
19
20
15
24
11
23
36
17
10
10
13
15
11
21
23
20
16
26
13
18
32
19
18
26
22
29
10
19
18
15
14
23
18
16
20
30
17
27
21
24
30
15
16
18
22
13
26
16
13
15
16
13
10
28
15
19
18
24
33
10
21
12
14
13
17
30
21
33
10
13
28
22
19
13
19
7
9
23
17
25
9
15
23
27
13
17
26
26
33
25
22
12
15
16
12
47
23
20
13
14
30
19
25
16
28
9
20
19
13
25
28
19
14
38
10
24
22
26
25
17
24
19
30
30
27
20
22
30
24
48
34
26
10
12
17
34
19
11
10
23
24
11
21
20
13
21
20
22
47
30
29
11
20
8
20
24
13
24
22
16
15
12
25
9
28
15
32
31
42
31
10
20
8
32
9
23
16
28
21
9
16
25
23
23
29
14
29
12
27
10
16
19
17
21
23
22
14
27
16
13
23
25
26
12
42
13
10
26
12
28
13
12
25
17
39
24
17
13
16
19
28
27
5
42
21
14
24
23
18
17
18
32
20
19
13
18
17
26
17
15
24
15
23
10
15
12
26
7
23
18
15
17
14
4
9
27
22
31
15
21
9
17
19
8
5
13
12
16
23
34
30
8
9
12
34
22
14
18
22
