18
35
28
16
25
37
10
7
7
50
14
32
34
24
16
22
23
23
18
9
25
35
14
41
23
31
21
40
30
17
67
24
19
10
12
26
19
14
27
28
19
32
36
14
23
25
12
27
51
30
13
23
23
23
14
30
12
37
18
36
31
9
8
21
26
29
21
32
11
23
16
24
19
24
37
23
27
18
14
28
24
19
24
20
17
18
18
13
6
18
15
17
16
16
15
18
29
1
5
21
13
25
30
5
38
13
10
21
24
28
20
21
22
72
24
30
23
28
13
20
8
13
22
17
10
6
22
13
16
34
20
16
23
15
21
12
12
36
20
12
7
27
35
16
16
40
38
10
15
33
9
21
23
15
17
11
18
25
17
5
25
20
27
34
16
25
18
6
18
34
22
32
19
25
26
26
36
28
9
24
26
9
31
16
14
12
16
26
21
46
59
18
12
13
13
23
6
28
18
12
14
24
17
46
29
16
11
37
11
18
19
20
1
28
29
29
30
13
27
14
24
67
31
15
24
19
17
19
13
42
30
23
19
8
33
19
37
21
28
29
18
13
36
14
46
28
14
8
12
26
7
20
14
22
17
20
26
29
10
28
32
20
19
26
11
12
16
32
21
32
25
31
29
27
18
19
25
23
27
17
20
22
25
31
23
14
15
38
17
22
6
18
30
39
6
24
17
24
19
19
22
50
17
29
7
18
33
22
29
31
20
18
16
14
27
22
20
19
24
20
17
22
20
26
21
14
20
11
33
17
48
20
31
21
13
21
16
12
17
14
26
28
17
12
26
28
24
20
23
30
16
31
36
16
22
35
11
14
27
11
22
25
25
40
9
15
16
10
16
24
25
17
24
20
43
40
12
19
26
10
8
10
31
21
27
20
27
27
27
17
13
17
15
26
17
10
17
19
33
24
20
27
13
27
20
15
17
8
21
21
27
22
26
19
11
33
39
5
26
23
17
29
22
14
19
13
16
24
37
36
41
16
25
19
8
21
18
24
16
18
21
28
7
26
19
34
20
34
36
30
20
23
14
3
22
32
15
15
21
18
31
16
13
15
14
29
36
24
23
47
17
34
27
22
19
12
26
18
18
29
24
20
23
14
11
11
37
34
30
22
11
24
36
59
24
34
24
24
25
9
21
19
19
16
33
19
8
19
19
14
20
17
11
12
35
18
22
15
29
43
14
19
26
50
23
27
36
27
19
29
31
39
15
29
7
19
20
26
31
51
9
30
7
20
22
30
25
18
26
28
18
26
21
40
17
13
18
24
7
19
24
11
17
30
37
22
13
11
13
26
15
26
26
15
23
24
30
17
25
22
22
24
20
24
35
40
26
22
20
13
36
21
28
19
19
3
38
15
16
15
16
48
9
6
24
16
28
7
34
32
17
25
15
9
16
23
26
18
27
38
19
31
28
18
8
15
19
20
20
15
42
14
21
14
30
9
22
18
17
8
17
20
14
17
13
26
15
27
14
20
31
25
38
41
22
31
32
10
17
31
22
19
26
24
17
18
21
21
40
25
30
13
12
25
16
36
20
11
17
14
20
23
34
18
8
16
43
15
16
19
34
17
22
25
41
14
19
16
19
17
17
10
21
32
10
23
41
20
30
25
34
38
29
9
11
42
28
22
16
13
29
15
16
17
23
12
6
18
19
25
11
18
15
23
48
17
40
52
4
24
29
20
19
15
9
21
36
7
27
25
19
13
16
35
19
47
23
21
14
54
33
23
13
21
13
14
21
21
5
16
29
17
27
40
14
11
24
33
29
22
10
12
13
19
29
12
16
39
17
32
19
35
19
12
29
18
17
20
17
19
28
30
31
21
17
27
32
16
24
30
40
16
19
35
25
13
21
16
25
16
15
18
36
19
1
23
38
17
25
7
19
17
23
31
31
29
28
30
39
20
26
19
2
19
14
22
27
17
30
20
12
20
24
23
20
29
13
23
17
16
15
35
31
15
16
24
28
17
9
31
18
21
25
22
21
18
21
1
55
27
22
38
20
16
6
17
14
14
12
33
16
38
21
20
21
40
18
35
9
11
7
36
19
13
24
22
12
6
29
21
31
23
50
29
17
27
29
34
17
17
22
11
20
13
22
14
10
13
21
31
29
20
29
37
7
30
28
24
23
11
21
18
21
20
18
21
29
9
26
11
12
27
20
28
21
17
24
16
8
33
29
11
38
43
15
18
26
16
18
4
14
21
29
26
12
24
39
11
20
18
21
9
15
21
18
25
31
19
20
46
27
10
35
24
26
30
8
17
12
13
